bet2	bet2p	bet2n	bet4	bet4p	bet4n	energy	epairp	epairn	ferp	fern	gapp	gapn	iter	rmsc	rms	rmsp	rmsn	N_boundp	N_boundn	j	Nmass	Ncharge
1.000000E-03	2.000000E-03	1.000000E-03	-0.000000E+00	0.000000E+00	-1.000000E-03	-340.1852	-9.200000E+00	-7.800000E+00	-5.230000E+00	-1.214000E+01	-2.150000E+00	-2.054000E+00	8001	3.521200E+00	3.402800E+00	3.450200E+00	3.400800E+00	1.977902E+01	1.997127E+01	7.438731E+00	40	20
1.100000E-02	1.100000E-02	1.200000E-02	-1.000000E-03	-1.000000E-03	-2.000000E-03	-362.7194	-8.400000E+00	-1.330000E+01	-7.250000E+00	-1.014000E+01	-2.044000E+00	-2.611000E+00	3790	3.545100E+00	3.458200E+00	3.478000E+00	3.482500E+00	1.985687E+01	2.188738E+01	7.167922E+00	42	20
1.100000E-02	1.000000E-02	1.100000E-02	-2.000000E-03	-2.000000E-03	-3.000000E-03	-382.1533	-4.700000E+00	-1.420000E+01	-9.300000E+00	-8.770000E+00	-1.510000E+00	-2.581000E+00	5495	3.540000E+00	3.485700E+00	3.476700E+00	3.530600E+00	1.994950E+01	2.383153E+01	7.340637E+00	44	20
2.000000E-03	1.000000E-03	3.000000E-03	-2.000000E-03	-2.000000E-03	-2.000000E-03	-399.4849	-1.100000E+00	-9.800000E+00	-1.140000E+01	-7.840000E+00	-7.130000E-01	-2.000000E+00	8001	3.516800E+00	3.490100E+00	3.456900E+00	3.547500E+00	1.999450E+01	2.571659E+01	7.863394E+00	46	20
0.000000E+00	0.000000E+00	1.000000E-03	-1.000000E-03	-1.000000E-03	-1.000000E-03	-415.4861	-4.000000E-01	-9.000000E-01	-1.365000E+01	-6.990000E+00	-5.300000E-01	-5.660000E-01	8001	3.480400E+00	3.469200E+00	3.423400E+00	3.528100E+00	1.999941E+01	2.797948E+01	8.692316E+00	48	20
-0.000000E+00	0.000000E+00	-0.000000E+00	-1.000000E-03	-2.000000E-03	1.000000E-03	-426.7111	-6.000000E-01	-6.700000E+00	-1.498000E+01	-5.080000E+00	-5.760000E-01	-1.499000E+00	8001	3.530700E+00	3.561400E+00	3.476900E+00	3.643000E+00	1.999997E+01	2.958402E+01	8.072831E+00	50	20
-9.000000E-03	-9.000000E-03	-1.000000E-02	-2.000000E-03	-2.000000E-03	-3.000000E-03	-507.6665	-4.000000E-01	-1.900000E+00	-5.710000E+00	-1.077000E+01	-4.690000E-01	-7.570000E-01	8001	3.732700E+00	3.638000E+00	3.658000E+00	3.643400E+00	2.797824E+01	2.999054E+01	8.507581E+00	58	28
-8.000000E-03	-7.000000E-03	-8.000000E-03	-2.000000E-03	-2.000000E-03	-2.000000E-03	-527.7386	-5.000000E-01	-2.400000E+00	-7.050000E+00	-9.320000E+00	-4.780000E-01	-8.340000E-01	8001	3.760700E+00	3.683500E+00	3.688000E+00	3.703000E+00	2.798136E+01	3.197859E+01	8.308610E+00	60	28
-3.300000E-02	-3.200000E-02	-3.300000E-02	-6.000000E-03	-5.000000E-03	-7.000000E-03	-544.9232	-7.000000E-01	-9.200000E+00	-8.330000E+00	-8.470000E+00	-5.130000E-01	-1.652000E+00	5269	3.821400E+00	3.765000E+00	3.749700E+00	3.800900E+00	2.799645E+01	3.385146E+01	7.712756E+00	62	28
-3.000000E-02	-3.100000E-02	-3.000000E-02	-1.100000E-02	-9.000000E-03	-1.300000E-02	-561.0317	-9.000000E-01	-1.360000E+01	-9.610000E+00	-7.800000E+00	-5.550000E-01	-2.003000E+00	4303	3.867200E+00	3.828700E+00	3.796200E+00	3.876300E+00	2.799560E+01	3.573664E+01	7.353331E+00	64	28
-1.000000E-03	-1.000000E-03	-1.000000E-03	-1.000000E-02	-9.000000E-03	-1.100000E-02	-915.245	-6.000000E-01	-1.730000E+01	-3.290000E+00	-9.890000E+00	-3.960000E-01	-1.826000E+00	8001	4.541200E+00	4.470700E+00	4.477600E+00	4.478000E+00	4.992837E+01	5.774878E+01	6.664467E+00	108	50
-0.000000E+00	-1.000000E-03	-0.000000E+00	-1.200000E-02	-1.100000E-02	-1.400000E-02	-934.6433	-7.000000E-01	-2.130000E+01	-4.100000E+00	-9.460000E+00	-4.090000E-01	-2.026000E+00	8001	4.570300E+00	4.508800E+00	4.507200E+00	4.523200E+00	4.994522E+01	5.965356E+01	6.483520E+00	110	50
-3.000000E-03	-3.000000E-03	-3.000000E-03	-1.400000E-02	-1.200000E-02	-1.500000E-02	-953.3869	-7.000000E-01	-2.480000E+01	-4.910000E+00	-9.060000E+00	-4.180000E-01	-2.186000E+00	8001	4.597000E+00	4.544300E+00	4.534400E+00	4.565100E+00	4.996917E+01	6.161753E+01	6.337427E+00	112	50
-6.000000E-03	-6.000000E-03	-6.000000E-03	-1.400000E-02	-1.200000E-02	-1.500000E-02	-971.4689	-8.000000E-01	-2.750000E+01	-5.710000E+00	-8.670000E+00	-4.240000E-01	-2.299000E+00	8001	4.620900E+00	4.576800E+00	4.558800E+00	4.603300E+00	4.997232E+01	6.351010E+01	6.228140E+00	114	50
-8.000000E-03	-8.000000E-03	-8.000000E-03	-1.300000E-02	-1.100000E-02	-1.400000E-02	-988.8376	-8.000000E-01	-2.910000E+01	-6.500000E+00	-8.280000E+00	-4.240000E-01	-2.358000E+00	8001	4.641800E+00	4.606000E+00	4.580200E+00	4.637700E+00	4.999202E+01	6.540486E+01	6.157075E+00	116	50
-5.000000E-03	-5.000000E-03	-5.000000E-03	-1.500000E-02	-1.300000E-02	-1.700000E-02	-1005.457	-7.000000E-01	-3.020000E+01	-7.260000E+00	-7.900000E+00	-4.160000E-01	-2.379000E+00	5432	4.661200E+00	4.634500E+00	4.600200E+00	4.671400E+00	4.999201E+01	6.732187E+01	6.099185E+00	118	50
-9.000000E-03	-9.000000E-03	-9.000000E-03	-1.200000E-02	-1.000000E-02	-1.300000E-02	-1021.234	-7.000000E-01	-2.870000E+01	-8.060000E+00	-7.530000E+00	-4.080000E-01	-2.295000E+00	7303	4.675100E+00	4.655800E+00	4.614800E+00	4.696300E+00	4.999217E+01	6.924754E+01	6.126722E+00	120	50
2.400000E-02	2.200000E-02	2.500000E-02	-4.000000E-03	-3.000000E-03	-5.000000E-03	-1036.235	-6.000000E-01	-2.670000E+01	-8.840000E+00	-7.190000E+00	-3.970000E-01	-2.158000E+00	8001	4.688200E+00	4.677200E+00	4.628500E+00	4.721700E+00	4.999264E+01	7.128462E+01	6.174377E+00	122	50
-1.300000E-02	-1.200000E-02	-1.300000E-02	-9.000000E-03	-8.000000E-03	-1.000000E-02	-1050.626	-6.000000E-01	-2.310000E+01	-9.640000E+00	-6.870000E+00	-3.840000E-01	-1.979000E+00	8001	4.697000E+00	4.693000E+00	4.638300E+00	4.740100E+00	4.999279E+01	7.331656E+01	6.263950E+00	124	50
-1.300000E-02	-1.200000E-02	-1.300000E-02	-8.000000E-03	-7.000000E-03	-9.000000E-03	-1064.311	-5.000000E-01	-1.810000E+01	-1.044000E+01	-6.610000E+00	-3.730000E-01	-1.700000E+00	8001	4.703400E+00	4.706200E+00	4.645600E+00	4.755500E+00	4.999313E+01	7.541599E+01	6.409333E+00	126	50
-7.000000E-03	-7.000000E-03	-7.000000E-03	-6.000000E-03	-6.000000E-03	-7.000000E-03	-1077.536	-4.000000E-01	-1.190000E+01	-1.126000E+01	-6.440000E+00	-3.630000E-01	-1.318000E+00	8001	4.706400E+00	4.714900E+00	4.649700E+00	4.765500E+00	4.999444E+01	7.759054E+01	6.616743E+00	128	50
-2.000000E-03	-2.000000E-03	-1.000000E-03	-3.000000E-03	-3.000000E-03	-4.000000E-03	-1090.483	-4.000000E-01	-5.100000E+00	-1.209000E+01	-6.410000E+00	-3.570000E-01	-8.140000E-01	8001	4.706100E+00	4.719100E+00	4.650600E+00	4.770100E+00	4.999504E+01	7.983549E+01	6.881684E+00	130	50
1.000000E-03	1.000000E-03	1.000000E-03	0.000000E+00	0.000000E+00	0.000000E+00	-1103.34	-3.000000E-01	-5.000000E-01	-1.293000E+01	-4.870000E+00	-3.640000E-01	-3.130000E-01	8001	4.706100E+00	4.724800E+00	4.652000E+00	4.776800E+00	4.999640E+01	8.195622E+01	7.103410E+00	132	50
-4.000000E-03	-4.000000E-03	-4.000000E-03	-1.100000E-02	-1.000000E-02	-1.200000E-02	-1412.452	-9.000000E-01	-4.250000E+01	2.300000E-01	-1.016000E+01	-3.640000E-01	-2.360000E+00	8001	5.388000E+00	5.323900E+00	5.333200E+00	5.324100E+00	8.187003E+01	9.916101E+01	5.462763E+00	182	82
-4.000000E-03	-4.000000E-03	-4.000000E-03	-1.100000E-02	-1.000000E-02	-1.200000E-02	-1432.805	-9.000000E-01	-4.350000E+01	-3.000000E-01	-9.870000E+00	-3.610000E-01	-2.372000E+00	8001	5.402000E+00	5.343100E+00	5.347700E+00	5.347200E+00	8.187152E+01	1.010731E+02	5.434444E+00	184	82
-1.000000E-03	-1.000000E-03	-1.000000E-03	-1.400000E-02	-1.200000E-02	-1.500000E-02	-1452.619	-9.000000E-01	-4.430000E+01	-8.100000E-01	-9.590000E+00	-3.550000E-01	-2.370000E+00	6232	5.416000E+00	5.362500E+00	5.362200E+00	5.370300E+00	8.187429E+01	1.030800E+02	5.406947E+00	186	82
-2.000000E-03	-2.000000E-03	-2.000000E-03	-1.300000E-02	-1.200000E-02	-1.500000E-02	-1471.834	-8.000000E-01	-4.370000E+01	-1.340000E+00	-9.320000E+00	-3.480000E-01	-2.333000E+00	6504	5.427500E+00	5.379000E+00	5.374100E+00	5.390200E+00	8.187830E+01	1.050851E+02	5.411353E+00	188	82
-1.600000E-02	-1.500000E-02	-1.700000E-02	-1.400000E-02	-1.200000E-02	-1.500000E-02	-1490.479	-8.000000E-01	-4.230000E+01	-1.860000E+00	-9.060000E+00	-3.420000E-01	-2.275000E+00	6829	5.438100E+00	5.394500E+00	5.385200E+00	5.408800E+00	8.188203E+01	1.072591E+02	5.430848E+00	190	82
-1.600000E-02	-1.500000E-02	-1.700000E-02	-1.400000E-02	-1.200000E-02	-1.500000E-02	-1508.658	-8.000000E-01	-4.050000E+01	-2.370000E+00	-8.810000E+00	-3.350000E-01	-2.202000E+00	6925	5.447700E+00	5.409000E+00	5.395300E+00	5.426200E+00	8.188674E+01	1.092365E+02	5.459739E+00	192	82
-1.500000E-02	-1.400000E-02	-1.600000E-02	-1.300000E-02	-1.100000E-02	-1.400000E-02	-1526.348	-7.000000E-01	-3.800000E+01	-2.880000E+00	-8.570000E+00	-3.270000E-01	-2.108000E+00	7041	5.456300E+00	5.422400E+00	5.404400E+00	5.442400E+00	8.191379E+01	1.112829E+02	5.502706E+00	194	82
-1.300000E-02	-1.200000E-02	-1.400000E-02	-1.200000E-02	-1.100000E-02	-1.400000E-02	-1543.558	-7.000000E-01	-3.470000E+01	-3.390000E+00	-8.340000E+00	-3.200000E-01	-1.991000E+00	7332	5.463700E+00	5.434500E+00	5.412400E+00	5.456900E+00	8.194186E+01	1.134422E+02	5.563184E+00	196	82
-1.100000E-02	-1.000000E-02	-1.200000E-02	-1.100000E-02	-1.000000E-02	-1.200000E-02	-1560.304	-6.000000E-01	-3.060000E+01	-3.900000E+00	-8.110000E+00	-3.130000E-01	-1.847000E+00	7872	5.469900E+00	5.444900E+00	5.419100E+00	5.469500E+00	8.195145E+01	1.155628E+02	5.644083E+00	198	82
-8.000000E-03	-8.000000E-03	-9.000000E-03	-1.000000E-02	-9.000000E-03	-1.100000E-02	-1576.586	-6.000000E-01	-2.580000E+01	-4.400000E+00	-7.900000E+00	-3.070000E-01	-1.667000E+00	8001	5.475100E+00	5.454400E+00	5.424800E+00	5.481000E+00	8.198012E+01	1.176314E+02	5.742983E+00	200	82
-2.000000E-03	-2.000000E-03	-2.000000E-03	-9.000000E-03	-8.000000E-03	-1.000000E-02	-1592.396	-5.000000E-01	-2.010000E+01	-4.900000E+00	-7.690000E+00	-3.010000E-01	-1.444000E+00	8001	5.479200E+00	5.462100E+00	5.429400E+00	5.490200E+00	8.198514E+01	1.197116E+02	5.865683E+00	202	82
3.000000E-03	2.000000E-03	3.000000E-03	-7.000000E-03	-6.000000E-03	-8.000000E-03	-1607.694	-5.000000E-01	-1.310000E+01	-5.390000E+00	-7.500000E+00	-2.960000E-01	-1.135000E+00	8001	5.481700E+00	5.467500E+00	5.432300E+00	5.496800E+00	8.198736E+01	1.218400E+02	6.023619E+00	204	82
6.000000E-03	5.000000E-03	6.000000E-03	-4.000000E-03	-4.000000E-03	-5.000000E-03	-1622.506	-5.000000E-01	-5.200000E+00	-5.900000E+00	-7.310000E+00	-2.920000E-01	-6.870000E-01	8001	5.482400E+00	5.470300E+00	5.433200E+00	5.500100E+00	8.198995E+01	1.239619E+02	6.216122E+00	206	82
0.000000E+00	0.000000E+00	0.000000E+00	-1.000000E-03	-1.000000E-03	-1.000000E-03	-1636.686	-4.000000E-01	-7.000000E-01	-6.370000E+00	-6.020000E+00	-2.890000E-01	-2.800000E-01	2850	5.487600E+00	5.478400E+00	5.438500E+00	5.509400E+00	8.199103E+01	1.259903E+02	6.310465E+00	208	82
-1.000000E-03	-1.000000E-03	-1.000000E-03	-7.000000E-03	-5.000000E-03	-8.000000E-03	-1646.737	-5.000000E-01	-1.650000E+01	-6.740000E+00	-5.000000E+00	-2.960000E-01	-1.304000E+00	8001	5.518600E+00	5.521800E+00	5.470500E+00	5.559800E+00	8.199042E+01	1.275144E+02	5.916416E+00	210	82
-2.000000E-03	-2.000000E-03	-3.000000E-03	-1.200000E-02	-8.000000E-03	-1.300000E-02	-1656.489	-6.000000E-01	-3.150000E+01	-7.100000E+00	-4.760000E+00	-3.020000E-01	-1.823000E+00	6688	5.546900E+00	5.561700E+00	5.499700E+00	5.606200E+00	8.198978E+01	1.288645E+02	5.594900E+00	212	82
-3.000000E-03	-3.000000E-03	-3.000000E-03	-1.300000E-02	-1.000000E-02	-1.500000E-02	-1665.72	-6.000000E-01	-4.220000E+01	-7.500000E+00	-4.490000E+00	-3.090000E-01	-2.123000E+00	8001	5.570200E+00	5.593700E+00	5.523700E+00	5.642600E+00	8.198913E+01	1.304326E+02	5.385062E+00	214	82
